id	BAT_Old_1	BAT_Old_2	BAT_Old_3	BAT_Old_4	BAT_Young_1	BAT_Young_2	BAT_Young_3	BAT_Young_4	Beige fat_Old_1	Beige fat_Old_2	Beige fat_Old_3	Beige fat_Old_4	Beige fat_Young_1	Beige fat_Young_2	Beige fat_Young_3	Beige fat_Young_4	Bladder_Old_1	Bladder_Old_2	Bladder_Old_3	Bladder_Old_4	Bladder_Young_1	Bladder_Young_2	Bladder_Young_3	Bladder_Young_4	Bone_Old_1	Bone_Old_2	Bone_Old_3	Bone_Old_4	Bone_Young_1	Bone_Young_2	Bone_Young_3	Bone_Young_4	Brain_Old_1	Brain_Old_2	Brain_Old_3	Brain_Old_4	Brain_Young_1	Brain_Young_2	Brain_Young_3	Brain_Young_4	Cerebellum_Old_1	Cerebellum_Old_2	Cerebellum_Old_3	Cerebellum_Old_4	Cerebellum_Young_1	Cerebellum_Young_2	Cerebellum_Young_3	Cerebellum_Young_4	Colon_Old_1	Colon_Old_2	Colon_Old_3	Colon_Old_4	Colon_Young_1	Colon_Young_2	Colon_Young_3	Colon_Young_4	Eye_Old_1	Eye_Old_2	Eye_Old_3	Eye_Old_4	Eye_Young_1	Eye_Young_2	Eye_Young_3	Eye_Young_4	Heart_Old_1	Heart_Old_2	Heart_Old_3	Heart_Old_4	Heart_Young_1	Heart_Young_2	Heart_Young_3	Heart_Young_4	Kidney_Old_1	Kidney_Old_2	Kidney_Old_3	Kidney_Old_4	Kidney_Young_1	Kidney_Young_2	Kidney_Young_3	Kidney_Young_4	Liver_Old_1	Liver_Old_2	Liver_Old_3	Liver_Old_4	Liver_Young_1	Liver_Young_2	Liver_Young_3	Liver_Young_4	Lung_Old_1	Lung_Old_2	Lung_Old_3	Lung_Old_4	Lung_Young_1	Lung_Young_2	Lung_Young_3	Lung_Young_4	Muscle_Old_1	Muscle_Old_2	Muscle_Old_3	Muscle_Old_4	Muscle_Young_1	Muscle_Young_2	Muscle_Young_3	Muscle_Young_4	Pancrea_Old_1	Pancrea_Old_2	Pancrea_Old_3	Pancrea_Old_4	Pancrea_Young_1	Pancrea_Young_2	Pancrea_Young_3	Pancrea_Young_4	Skin_Old_1	Skin_Old_2	Skin_Old_3	Skin_Old_4	Skin_Young_1	Skin_Young_2	Skin_Young_3	Skin_Young_4	Small intestine_Old_1	Small intestine_Old_2	Small intestine_Old_3	Small intestine_Old_4	Small intestine_Young_1	Small intestine_Young_2	Small intestine_Young_3	Small intestine_Young_4	Spinal cord_Old_1	Spinal cord_Old_2	Spinal cord_Old_3	Spinal cord_Old_4	Spinal cord_Young_1	Spinal cord_Young_2	Spinal cord_Young_3	Spinal cord_Young_4	Spleen_Old_1	Spleen_Old_2	Spleen_Old_3	Spleen_Old_4	Spleen_Young_1	Spleen_Young_2	Spleen_Young_3	Spleen_Young_4	Testis_Old_1	Testis_Old_2	Testis_Old_3	Testis_Old_4	Testis_Young_1	Testis_Young_2	Testis_Young_3	Testis_Young_4	Thymus_Old_1	Thymus_Old_2	Thymus_Old_3	Thymus_Old_4	Thymus_Young_1	Thymus_Young_2	Thymus_Young_3	Thymus_Young_4	WAT_Old_1	WAT_Old_2	WAT_Old_3	WAT_Old_4	WAT_Young_1	WAT_Young_2	WAT_Young_3	WAT_Young_4
PM1	-0.078855704	-0.077456134	-0.081343736	-0.078643898	-0.081098673	-0.079329691	-0.078605668	-0.085631422	-0.032909225	-0.020523139	-0.024865345	-0.028001403	-0.031459721	-0.003654337	-0.011949149	-0.002988862	0.020037997	0.02083036	0.024715844	0.027163124	0.0244573	0.031885565	0.023894861	0.020312842	0.005088586	-0.001955211	0.018481912	0.008272631	0.01528211	0.012456693	-0.003861837	0.007692692	-0.009979096	0.007083125	-0.012543616	-0.013533593	-0.008621692	-0.008217685	-0.005255869	-0.011149015	0.031199201	0.038210234	0.033589321	0.031940818	0.043735467	0.04165058	0.041198454	0.039181171	0.074388793	0.070696265	0.073924279	0.070537544	0.072416692	0.069133058	0.074973521	0.073909519	-0.209968278	-0.210292671	-0.206211419	-0.207034273	-0.193796854	-0.190112452	-0.196180432	-0.19898489	0.077588433	0.084913984	0.090647708	0.085476834	0.089903749	0.090778173	0.08395236	0.084046031	-0.040450818	-0.033246817	-0.035452188	-0.037216302	-0.033724838	-0.026175512	-0.026689811	-0.027359694	0.025894554	0.032399578	0.030776767	0.029909234	0.030687243	0.032033451	0.031138301	0.034253141	0.008436264	0.04001103	0.006272404	0.006849586	0.011798231	0.012793436	0.016118764	0.009327166	-0.169190325	-0.166227519	-0.165874802	-0.166034646	-0.157728136	-0.160886396	-0.161241106	-0.156184099	0.076465954	0.082099784	0.088159068	0.083167138	0.087555225	0.085173733	0.083963739	0.082645507	-0.068629873	-0.068704052	-0.066440215	-0.067781089	-0.063509441	-0.063691027	-0.064920164	-0.065042936	0.060094993	0.064619593	0.061494448	0.067166097	0.069856445	0.068664468	0.061492666	0.07291955	-0.037212791	-0.036548511	-0.03800623	-0.034358345	-0.029187492	-0.027559723	-0.023596437	-0.025826897	0.038583451	0.037018224	0.038208641	0.028099116	0.03916631	0.036284277	0.041059113	0.043862746	0.089045723	0.09101255	0.100138324	0.096392821	0.099401579	0.104531901	0.080164263	0.097326821	0.050687982	0.045680689	0.077974794	0.043008428	0.087146505	0.091377554	0.094017754	0.090939018	-0.026741503	-0.028336839	-0.028406625	-0.018783055	-0.026954929	-0.028395282	-0.0231111	-0.02057142
PM2	-0.038209793	-0.036750687	-0.038073413	-0.036274879	-0.039076858	-0.039425678	-0.038665024	-0.042367835	-0.011289189	-0.017935892	-0.010608465	-0.010787385	-0.019218623	-0.024312069	-0.025931534	-0.023579437	0.007079056	0.005542877	0.002251439	0.006468065	0.010818347	0.008208174	0.003556259	2.41E-06	-0.036649138	-0.047849912	-0.035737908	-0.038689873	-0.045622534	-0.038938247	-0.04861752	-0.043990695	0.011216432	0.027931233	0.008995298	0.011078057	0.013079808	0.014332405	0.014171543	0.013580911	0.227361644	0.232329022	0.225643106	0.228729342	0.230533724	0.232329026	0.23337639	0.231417945	0.000206739	-0.000886801	0.000919912	-0.003157838	-0.009296206	-0.007069029	-0.004536256	-0.002699607	-0.056660672	-0.058666831	-0.057228487	-0.05030919	-0.055273623	-0.054866128	-0.053209941	-0.056381874	-0.056628515	-0.056475812	-0.055279668	-0.055152179	-0.054991149	-0.053505384	-0.05647507	-0.055458876	-0.042102828	-0.03942755	-0.040359851	-0.040843834	-0.041816312	-0.040082158	-0.039131958	-0.039294153	-0.033555079	-0.031881665	-0.032426035	-0.03194785	-0.033186061	-0.033013717	-0.033774207	-0.033513785	-0.00847913	0.00259235	-0.010866929	-0.009145026	-0.007735755	-0.006451552	-0.004262467	-0.008405832	-0.064565817	-0.065979887	-0.065064488	-0.066894376	-0.069204657	-0.066819549	-0.066910515	-0.068326008	-0.053896752	-0.053616082	-0.052083032	-0.052385821	-0.052129531	-0.051178052	-0.053312795	-0.052635693	-0.059592961	-0.059618495	-0.059913182	-0.059648533	-0.059850737	-0.059496363	-0.05962249	-0.059282688	-0.01653397	-0.015299556	-0.011959748	-0.012833074	-0.008180723	-0.009164058	-0.01305478	-0.008483148	0.225003254	0.214390381	0.211292328	0.224335355	0.211656615	0.217412183	0.224191483	0.207320237	0.001651786	0.000901982	0.001797497	-0.002154789	0.002960865	0.002240575	0.003372858	0.002576773	0.024118311	0.024500465	0.02969056	0.026379822	0.028956841	0.034413843	0.017506056	0.024386371	0.002026303	0.004899654	0.003933551	0.004036337	0.008862328	0.00824158	0.011102882	0.008507016	-0.013211515	-0.015930574	-0.014943525	-0.013846228	-0.021432803	-0.022570069	-0.02077744	-0.019497641
PM3	-0.068216762	-0.068296252	-0.068739132	-0.068284886	-0.066753838	-0.067591018	-0.067147318	-0.071811212	-0.012565347	-0.001326737	-0.011783141	-0.009783662	-0.012644909	0.024448517	0.014659702	0.02520725	-0.018690861	-0.017251784	-0.013966973	-0.011974483	-0.013353321	-0.00591339	-0.015379519	-0.015082126	-0.001440586	-0.017831354	-7.48E-05	-0.004230588	-0.011971044	-0.003827493	-0.025061333	-0.01700427	-0.028175658	-0.01260436	-0.027822793	-0.025173812	-0.022827358	-0.022076132	-0.019760293	-0.02437387	0.024719471	0.033377144	0.027601917	0.022052938	0.031306861	0.034636234	0.030822792	0.02983821	0.043787867	0.036214123	0.037247659	0.034309874	0.033955727	0.044853793	0.047844744	0.048887074	-0.081086995	-0.080812415	-0.07932785	-0.078711148	-0.075030322	-0.077473809	-0.077015323	-0.076195787	-0.050398995	-0.050217309	-0.049556845	-0.049976803	-0.048553982	-0.046228451	-0.051188652	-0.049873844	-0.039401277	-0.03589852	-0.03748194	-0.03831207	-0.039820626	-0.039274183	-0.036102811	-0.038034822	-0.007071999	-0.006969142	-0.006244115	-0.005746442	-0.005718476	-0.003878933	-0.006484021	-0.003152113	-0.025417563	-0.005914917	-0.025839448	-0.02257123	-0.020828481	-0.019886777	-0.018908004	-0.02217672	-0.094748575	-0.095263618	-0.095538012	-0.094879093	-0.094850012	-0.094067509	-0.094639215	-0.093921831	-0.046837278	-0.047509347	-0.04596568	-0.046956523	-0.044902366	-0.042775013	-0.047690176	-0.046221515	-0.069124815	-0.069194676	-0.068205295	-0.068742917	-0.06859984	-0.068813352	-0.069989443	-0.068941774	0.053314763	0.057167473	0.056130722	0.061766489	0.071451682	0.06751308	0.058483273	0.070254176	-0.052401713	-0.050274335	-0.048877025	-0.053122746	-0.047101234	-0.04854892	-0.045499751	-0.041793587	0.121904404	0.124327161	0.115661007	0.108747731	0.142700918	0.136086628	0.140719409	0.144586953	0.134058829	0.12892117	0.14231559	0.136755566	0.146003791	0.15029463	0.111358199	0.139512541	0.174914254	0.164221956	0.208854074	0.151328568	0.238281562	0.248985543	0.255020498	0.249916093	-0.042392919	-0.047417582	-0.047021207	-0.043466924	-0.047270638	-0.048905059	-0.047364197	-0.043899309
PM4	-0.0367299	-0.036785977	-0.039151631	-0.037362579	-0.036968791	-0.035998576	-0.035484443	-0.036520655	-0.031496691	-0.031376229	-0.031672533	-0.031786957	-0.029478818	-0.028565695	-0.030825472	-0.028103189	-0.033627572	-0.030794519	-0.033149842	-0.02849728	-0.02820302	-0.026186138	-0.031005542	-0.033157927	-0.029595434	-0.042146679	-0.029758046	-0.011338482	-0.038272319	-0.031753031	-0.044165539	-0.040789596	-0.026321295	-0.022640812	-0.027723987	-0.027100779	-0.025601996	-0.025378248	-0.025025996	-0.025307462	-0.03751773	-0.037904791	-0.037231654	-0.036572974	-0.034320463	-0.03638807	-0.034427867	-0.035563332	0.018406461	0.009208374	0.034027645	0.023544845	0.021230463	0.011043517	0.009800327	0.009054093	-0.075098829	-0.074723491	-0.072449644	-0.072796223	-0.065409595	-0.06617808	-0.067889462	-0.059693912	0.213505387	0.232895619	0.236648531	0.227246079	0.237384988	0.215539868	0.244458154	0.230791849	-0.045128548	-0.044942595	-0.048353534	-0.044395509	-0.040319747	-0.043633843	-0.042834946	-0.043087994	0.018150999	0.021297383	0.021211737	0.021129596	0.025689233	0.029539544	0.026149629	0.032148039	-0.025465426	-0.018875576	-0.026185562	-0.025342957	-0.024045652	-0.023543187	-0.023995582	-0.024600666	-0.061852584	-0.058110769	-0.060711933	-0.06101416	-0.055928931	-0.054341694	-0.051208672	-0.055725807	0.202951502	0.222960804	0.226125745	0.216669386	0.22778887	0.204153446	0.235580008	0.2212792	-0.05269063	-0.053291777	-0.050568928	-0.051982683	-0.042009471	-0.045817898	-0.038591459	-0.041551328	0.028199353	0.044955723	0.002542474	0.030653219	0.009848743	0.003358658	0.022001718	0.006098521	-0.04359308	-0.043207052	-0.04404066	-0.044228101	-0.038905208	-0.038793464	-0.037976003	-0.039367825	-0.011009237	-0.01211607	-0.014770896	-0.013775654	-0.020798302	-0.019645697	-0.020556874	-0.019924052	0.007871109	0.007597017	0.011827381	0.008722393	0.011011832	0.01346005	0.006755131	0.010660168	-0.012590867	-0.012913781	0.022028282	-0.012830696	0.002001403	0.001226901	0.00329788	0.001470797	-0.026626394	-0.026121607	-0.026442906	-0.022773907	-0.024794192	-0.024812894	-0.025680894	-0.024737921
PM5	0.081474593	0.087492512	0.0631819	0.072331128	0.056864577	0.053180496	0.057133718	0.039749661	-0.006281635	-0.016152544	-0.008927366	-0.004412799	-0.001971972	-0.029672982	-0.02372051	-0.027513106	-0.019574035	-0.021525821	-0.020185947	-0.018571056	-0.021694693	-0.016774766	-0.022331108	-0.022780855	-0.044279704	-0.045679309	-0.042081561	-0.040818732	-0.040693409	-0.041313323	-0.043437236	-0.039389796	-0.036930043	-0.030291663	-0.036467423	-0.038391305	-0.038612713	-0.038247282	-0.037395288	-0.037986673	-0.019144226	-0.019669998	-0.01896043	-0.017153968	-0.020505792	-0.023218046	-0.020683522	-0.021646782	-0.008662213	-0.000512291	-0.00666702	-0.004784374	-0.006563438	-0.000601091	-0.003594173	0.003004986	-0.072019054	-0.072724126	-0.071983232	-0.070824639	-0.07832337	-0.077151104	-0.077582739	-0.077266882	-0.020928932	-0.017427393	-0.01696268	-0.018616207	-0.01849631	-0.019356324	-0.018603713	-0.019310092	0.283023316	0.302926673	0.284821326	0.301847579	0.2990084	0.308210759	0.313959286	0.317534572	0.092487401	0.098542871	0.099484163	0.099076694	0.098745332	0.102067687	0.103201463	0.097171983	-0.035988813	-0.030742871	-0.035304245	-0.038169277	-0.038059503	-0.037734514	-0.037571005	-0.036487728	-0.05080261	-0.050290609	-0.03597852	-0.04832799	-0.05443962	-0.047183698	-0.047678259	-0.054527863	-0.019928874	-0.016720059	-0.015643656	-0.017251137	-0.016476172	-0.017573847	-0.015671019	-0.017076382	-0.050182183	-0.050843314	-0.053446578	-0.052054626	-0.052365611	-0.050508174	-0.05329377	-0.053170195	0.008711736	0.005655663	0.023442209	0.01338867	0.019467043	0.024500853	0.019559251	0.022822999	-0.013390307	-0.015596636	-0.017702695	-0.012966219	-0.014529847	-0.013897823	-0.013422303	-0.015736116	-0.037746269	-0.036636439	-0.036820088	-0.037664055	-0.038105738	-0.039774962	-0.038115004	-0.038457267	-0.016138621	-0.016565081	-0.011809625	-0.017058043	-0.016477222	-0.011991704	-0.011126799	-0.017915277	-0.016246486	-0.0044676	-0.034020127	-0.007591993	-0.031040938	-0.032278132	-0.031236589	-0.030314578	-0.01026458	-0.011944763	-0.007141393	-0.006766198	-0.004237261	-0.003577931	0.000998913	0.001245832
PM6	-0.016322351	-0.017521983	-0.004913592	-0.017559472	-0.020551834	-0.017834743	-0.015191687	0.026617048	-0.030382512	-0.031378777	-0.026978057	-0.0251475	-0.029203732	-0.04044681	-0.038502723	-0.041231719	0.001374185	0.000210227	-0.005192006	-0.009204097	0.013803894	-0.002527939	0.010209626	-0.00255758	-0.002941499	0.029025004	0.001536691	-0.006876058	0.018802674	0.013572289	0.038048595	0.052516626	-0.018071151	-0.023686287	-0.015591005	-0.023511753	-0.024395468	-0.025069615	-0.025641661	-0.021687571	-0.010362777	-0.010823342	-0.011626586	-0.00960605	-0.010629175	-0.011857078	-0.010582458	-0.010149007	-0.030304816	-0.028347311	-0.027595009	-0.028978965	-0.027548055	-0.032620391	-0.032593595	-0.033035772	0.044425832	0.040599922	0.02793944	0.029024753	0.015485007	0.026257873	0.017923568	0.013847423	-0.03248034	-0.030922263	-0.031000144	-0.031910717	-0.030848804	-0.032655797	-0.029594385	-0.031920309	-0.025527763	-0.02793298	-0.026501638	-0.028715249	-0.027084836	-0.0266077	-0.025948142	-0.025862074	-0.029384403	-0.028753867	-0.028782229	-0.028179376	-0.028444263	-0.028590185	-0.02804846	-0.030334268	-0.025188302	-0.034115731	-0.022777782	-0.031283656	-0.032814984	-0.0339897	-0.033935716	-0.030825259	0.308206197	0.341018288	0.348359296	0.338158748	0.283003182	0.343900107	0.333150253	0.306323256	-0.037375162	-0.035754579	-0.03561083	-0.037182795	-0.035410597	-0.037331283	-0.034226712	-0.036188454	0.057991776	0.069893915	0.053326855	0.061561205	0.050434317	0.055154185	0.055588666	0.059563953	-0.032513843	-0.033036013	-0.030955992	-0.03343897	-0.032690864	-0.032355486	-0.032812407	-0.03444225	0.005201882	0.002246647	0.003439854	0.006174782	-0.002456488	0.00150376	-0.003875768	-0.003495913	-0.032857241	-0.032681822	-0.033556264	-0.028897892	-0.032885996	-0.032212739	-0.031946176	-0.032312122	-0.03984189	-0.038852293	-0.039344027	-0.038677813	-0.038396931	-0.038443452	-0.033777966	-0.037948113	-0.040146654	-0.036450626	-0.04428154	-0.032658064	-0.045053354	-0.044742736	-0.046114473	-0.044810471	-0.026751082	-0.025691578	-0.023606454	-0.024812836	-0.02603708	-0.023385253	-0.023865786	-0.025483777
PM7	-0.028374299	-0.026728391	-0.031091636	-0.030521197	-0.029215581	-0.030333843	-0.030441732	-0.036672596	0.002358446	-0.005737866	0.001717019	-8.48E-05	-0.007143338	-0.01661741	-0.018993059	-0.016988081	0.016871562	0.014281086	0.014037087	0.017337465	0.013790603	0.016928953	0.00959857	0.008966738	-0.030277053	-0.035092426	-0.022758883	-0.032883265	-0.028978815	-0.028784498	-0.037206309	-0.026139678	0.211498282	0.228562412	0.184410267	0.203906686	0.209868427	0.220440565	0.229885102	0.201735603	-0.011433252	-0.007694282	-0.009067111	-0.009268414	-0.009851224	-0.009322983	-0.009332123	-0.010128895	0.00961783	0.009725914	0.007907405	0.007111914	-0.001986511	0.002735415	0.005419847	0.006906189	-0.067663494	-0.068068365	-0.066353563	-0.070237483	-0.069668219	-0.067598209	-0.069172918	-0.06762438	-0.042148321	-0.043305183	-0.043179634	-0.042274245	-0.04367031	-0.039975413	-0.045139387	-0.042784779	-0.029285953	-0.026191758	-0.025214863	-0.02867483	-0.032071482	-0.029767847	-0.029101433	-0.029596552	-0.034321241	-0.03472439	-0.033364593	-0.033145315	-0.035092522	-0.034007425	-0.035045757	-0.035835895	0.237470074	0.265343674	0.212692685	0.231118708	0.237079461	0.248104036	0.255472764	0.228108663	-0.079225938	-0.081687588	-0.077995152	-0.078876466	-0.078823587	-0.080024949	-0.080750672	-0.079147391	-0.04261027	-0.043503903	-0.042893569	-0.042189713	-0.042570583	-0.03958693	-0.044312835	-0.042354335	-0.040616071	-0.041732321	-0.042844975	-0.041046866	-0.042191622	-0.039379551	-0.041740531	-0.041339247	-0.014493663	-0.014720516	-0.00458792	-0.008885502	-0.003782828	-0.002020023	-0.008618272	-0.001009863	-0.028655238	-0.027305771	-0.019727544	-0.028578724	-0.029329534	-0.027939298	-0.030253757	-0.019823132	0.009899228	0.006790702	0.005479843	0.002986645	0.005025075	0.006509737	0.010129845	0.008121395	-0.029347647	-0.028398704	-0.020582282	-0.029766689	-0.027740087	-0.022206724	-0.024455236	-0.02978358	-0.012668524	-0.010537594	-0.01558828	-0.003170091	-0.013223376	-0.014482273	-0.014138916	-0.01562641	0.019769501	0.014537729	0.017434641	0.014575224	0.006820718	0.00301965	0.004391576	0.005847413
PM8	0.302956019	0.322896829	0.23776358	0.264632697	0.224333507	0.229877962	0.232094625	0.168375966	-0.004384285	-0.019240275	-0.013855503	0.002564926	0.021938558	-0.036161018	-0.01144369	-0.030656187	-0.040901698	-0.044091522	-0.044383852	-0.046705506	-0.038711718	-0.044918062	-0.040913216	-0.039591602	-0.048862442	-0.019900444	-0.040069716	-0.046440378	-0.027806783	-0.02441955	-0.003422461	-0.002632082	-0.033725478	-0.044350145	-0.028081141	-0.046307242	-0.048783624	-0.050799738	-0.051072673	-0.043425169	-0.013107824	-0.014321035	-0.014688083	-0.013098655	-0.020438871	-0.021386612	-0.017281626	-0.017526844	-0.043927925	-0.03463516	-0.039486139	-0.03704177	-0.039312121	-0.044024022	-0.04896337	-0.047093056	0.009880953	0.003579927	-0.020684561	-0.006350987	-0.038327844	-0.019093617	-0.0354249	-0.051015303	-0.01996267	-0.015094566	-0.015769312	-0.016815262	-0.017954444	-0.021316163	-0.015353237	-0.018257998	0.050036622	0.047216633	0.048713751	0.045828402	0.050865641	0.054496192	0.056045291	0.058927353	0.01719509	0.016674856	0.014645656	0.018332334	0.022200925	0.022371572	0.02484215	0.016561971	-0.039009073	-0.050819183	-0.034431378	-0.054192927	-0.055850274	-0.057892278	-0.056881344	-0.050697623	0.161235401	0.161583527	0.258696952	0.174670886	0.148934557	0.206850818	0.200947385	0.140777419	-0.020801131	-0.015277918	-0.01621718	-0.01747414	-0.018326058	-0.021753907	-0.014646719	-0.017775504	-0.013638328	-0.004860533	-0.020797336	-0.015108356	-0.026530624	-0.019986989	-0.018394125	-0.018626226	-0.042023408	-0.044092425	-0.036669408	-0.043354698	-0.043749641	-0.04102134	-0.040277586	-0.043644161	0.004767038	0.000319063	-0.003618009	0.006102148	0.001510546	0.005067784	0.002931812	-0.004068006	-0.067776009	-0.066365959	-0.065330149	-0.064401936	-0.069147364	-0.068895863	-0.069486686	-0.069187325	-0.055927097	-0.056485289	-0.057969769	-0.056608926	-0.057364111	-0.058179605	-0.0473635	-0.056218861	0.033427741	0.061953846	-0.062616138	0.024587364	-0.057156557	-0.06179216	-0.061051185	-0.055291546	-0.021214073	-0.021960201	-0.017140332	-0.016953593	-0.003948299	-0.0023261	0.001671	0.00259238
PM9	-0.045018433	-0.045609542	-0.045926164	-0.045186966	-0.043838931	-0.044294403	-0.042205222	-0.044174519	-0.025198675	-0.025217984	-0.023074789	-0.021769701	-0.024791358	-0.025405974	-0.027569808	-0.025051321	-0.008432339	-0.005959241	-0.006220142	-0.004342064	0.002095276	0.00394745	0.002664067	-0.000635363	-0.00533296	0.004337079	0.015575322	-0.000921163	0.019323989	0.016739336	0.004336925	0.01634628	-0.019891412	-0.006905019	-0.01916732	-0.019178669	-0.017597287	-0.016983737	-0.016123707	-0.017943914	0.021714179	0.023660089	0.02143476	0.025854697	0.028034463	0.024786436	0.02801272	0.024731223	0.000772983	-0.001422439	-0.00013885	-0.002000791	-6.40E-05	-0.001108998	0.002096862	0.002666202	-0.052599472	-0.054365998	-0.050580998	-0.050382524	-0.048452087	-0.050384485	-0.049833847	-0.047768034	-0.047932771	-0.04781398	-0.046761409	-0.046636349	-0.04496436	-0.043570649	-0.046409117	-0.045494482	-0.03846571	-0.037494268	-0.035747298	-0.034296114	-0.03546741	-0.031857033	-0.033724937	-0.034734418	-0.020951479	-0.019457355	-0.017735229	-0.01890304	-0.018835681	-0.014656071	-0.016847168	-0.016133995	-0.023673213	-0.0115872	-0.02311544	-0.022072835	-0.02103182	-0.020141734	-0.01817433	-0.020114915	-0.056286193	-0.052795043	-0.052790448	-0.054857474	-0.056968543	-0.051223261	-0.051850407	-0.055901201	-0.038398588	-0.038101499	-0.03648646	-0.037037001	-0.034939	-0.032490514	-0.037069196	-0.036419802	-0.042149078	-0.042437658	-0.042564927	-0.042030746	-0.043446113	-0.042547232	-0.044960595	-0.043520426	0.005115363	0.006696341	0.009727251	0.011698367	0.017971232	0.016347814	0.009514356	0.016673161	0.020857571	0.020445096	0.017725404	0.02257809	0.020598126	0.024802623	0.022547118	0.019356886	-0.002110668	0.000131287	-0.001107187	0.001563314	0.003601484	0.002158841	0.002398933	0.003312203	0.324005236	0.315788597	0.329558264	0.335931704	0.345693275	0.344347243	0.277777771	0.338935289	0.007607875	0.011670386	0.018631201	0.010504283	0.025215295	0.025087325	0.026010114	0.025912701	-0.02138763	-0.023069203	-0.02130762	-0.018822098	-0.023902751	-0.023242415	-0.020770094	-0.020764207
PM10	-0.013483275	-0.011985031	-0.015182235	-0.013690225	-0.01470674	-0.011928037	-0.011480947	-0.014943163	-0.020698168	-0.019599564	-0.01906899	-0.020609299	-0.021715077	-0.005704112	-0.011062556	-0.009389883	-0.014654505	-0.01553319	-0.014089728	-0.017334801	-0.01378254	-0.01408026	-0.012262211	-0.013238256	-0.018616796	-0.014334446	-0.019549541	-0.023195315	-0.008391161	-0.022406223	-0.01755836	-0.010572834	-0.017003011	-0.015025359	-0.018105466	-0.015943021	-0.014469488	-0.01449871	-0.014090075	-0.014888575	-0.015853006	-0.014583147	-0.015474759	-0.016332688	-0.017625411	-0.01583765	-0.017297864	-0.01712962	-0.021150158	-0.021599341	-0.023914303	-0.022617782	-0.020039718	-0.021086558	-0.021575938	-0.02162805	0.328518106	0.315186235	0.360773731	0.338247409	0.363516088	0.320804934	0.341741055	0.376332418	-0.028529074	-0.029922263	-0.029967856	-0.030909204	-0.02960247	-0.029791653	-0.030149906	-0.030267825	-0.013512995	-0.015676591	-0.018594861	-0.017667388	-0.014560917	-0.017392558	-0.01625238	-0.018267685	-0.028801477	-0.029171249	-0.028070156	-0.028458305	-0.029606361	-0.028722327	-0.029532026	-0.0299874	-0.011922196	-0.011486171	-0.01328762	-0.011187558	-0.010309572	-0.010595523	-0.010059885	-0.010839295	-0.022310843	-0.021902988	-0.021702708	-0.020178395	-0.021719199	-0.01977753	-0.019606071	-0.022508119	-0.025524952	-0.02720081	-0.026757534	-0.027865423	-0.026502335	-0.026794568	-0.02596188	-0.0266232	-0.011719875	-0.011059544	-0.011893933	-0.012418528	-0.011113463	-0.014887956	-0.012864137	-0.01395524	-0.02574613	-0.026828713	-0.02429109	-0.027095146	-0.024473206	-0.024989677	-0.026215776	-0.024374428	-0.012197171	-0.013755468	-0.011462466	-0.012026072	-0.015648022	-0.013806919	-0.016028	-0.013090664	-0.009593732	-0.010246094	-0.012096128	-0.010680794	-0.007484508	-0.007700496	-0.008011807	-0.006645464	-0.006865243	-0.009616967	-0.008927023	-0.007175898	-0.004616502	-0.007230062	-0.011067218	-0.004899128	-0.010121657	-0.010092481	-0.011762747	-0.015590624	-0.005641604	-0.002195234	-0.005648552	-0.002437744	-0.017766767	-0.017360815	-0.01855679	-0.018558891	-0.017312297	-0.018168675	-0.019783413	-0.020666531
PM11	0.132340232	0.124736397	0.131618182	0.129829507	0.113367361	0.118817969	0.122706211	0.108737471	0.213530433	0.16407024	0.21234964	0.227133547	0.209975788	0.088284766	0.096460577	0.089451349	0.016495786	0.01770789	0.011968087	0.015344512	0.019790214	0.021456048	0.015135299	0.028565699	-0.042443947	-0.04867695	-0.040382054	-0.035406255	-0.044865844	-0.042330131	-0.046575794	-0.040248917	-0.007750955	-0.003256958	-0.005343594	-0.008667644	-0.007513582	-0.006641304	-0.003933161	-0.007068317	-0.052772725	-0.05190473	-0.052152243	-0.050377868	-0.050310012	-0.054313798	-0.052020471	-0.054011849	-0.028004911	-0.024049271	-0.027067681	-0.028635962	-0.032678461	-0.032043331	-0.032594805	-0.031804759	-0.064230421	-0.063745695	-0.066800365	-0.061975689	-0.071526897	-0.067101082	-0.069301818	-0.070312865	-0.048267062	-0.052168634	-0.052660081	-0.051770174	-0.052481737	-0.045849016	-0.053241333	-0.05021075	-0.023466945	-0.023315853	-0.023719811	-0.022782318	-0.026844803	-0.027236162	-0.031955853	-0.02808345	0.008140175	0.01210298	0.015234027	0.013458941	0.005988205	0.008984094	0.005823933	0.004486514	-0.009107976	-0.002694839	-0.007059061	-0.010482524	-0.009070304	-0.008806919	-0.006390306	-0.0083285	-0.0394121	-0.04773929	-0.041836185	-0.044231833	-0.044798906	-0.049615988	-0.048614072	-0.045549588	-0.046170213	-0.049792214	-0.050913818	-0.050193932	-0.050931534	-0.044099156	-0.052193857	-0.048934998	-0.020025281	-0.022892213	-0.023191518	-0.022258141	-0.025698074	-0.023106339	-0.022914249	-0.023231833	-0.038526547	-0.038548838	-0.030829714	-0.03418977	-0.031925095	-0.030612121	-0.03364681	-0.033732455	-0.04447535	-0.041642298	-0.036721637	-0.044561138	-0.042049068	-0.040310218	-0.045196593	-0.034494214	-0.029586366	-0.030182418	-0.032602202	-0.031417291	-0.036802631	-0.035142446	-0.034313243	-0.035019767	-0.035010999	-0.034366943	-0.031586017	-0.037106157	-0.039122012	-0.03372734	-0.027850113	-0.040195828	0.006842883	0.040963147	-0.035188472	0.070501854	-0.026354604	-0.029055569	-0.033821524	-0.02696101	0.245941106	0.235246085	0.230932629	0.240882115	0.226215862	0.222536824	0.235628758	0.232274339
PM12	0.357566324	0.370921115	0.302511241	0.332975072	0.297565741	0.294323423	0.295975359	0.239382118	0.001705304	-0.005603507	-0.00251538	0.004655397	0.016720474	-0.01753268	-0.004359953	-0.013452872	-0.033121769	-0.033538542	-0.033971026	-0.032571883	-0.030769527	-0.031268203	-0.033377839	-0.032808642	-0.053781924	-0.051870052	-0.047255055	-0.050507413	-0.046481237	-0.041401153	-0.046446361	-0.044916717	-0.048438843	-0.041410106	-0.046321825	-0.050938667	-0.051597086	-0.05141953	-0.050851844	-0.049661904	0.027103159	0.027867133	0.026495809	0.029057007	0.028811847	0.024481847	0.0305828	0.027767612	-0.001127536	0.008229581	-0.000213282	0.003092173	8.87E-05	0.002094962	-0.000707387	0.001943727	-0.066956684	-0.067548432	-0.068956275	-0.065892662	-0.071030324	-0.07006552	-0.071526206	-0.072985764	-0.036273007	-0.034266559	-0.034058432	-0.033856376	-0.03370885	-0.031780949	-0.034986218	-0.033850079	0.013533545	0.01657029	0.013944725	0.016747933	0.019251532	0.017075885	0.020364573	0.018388309	0.041473521	0.046023867	0.043787227	0.045682045	0.051235809	0.049677471	0.053537025	0.048529463	-0.048566529	-0.039687877	-0.047505899	-0.051839299	-0.052045925	-0.051842643	-0.050610728	-0.051069784	-0.025209682	-0.023350799	-5.37E-05	-0.020600386	-0.024414027	-0.009533832	-0.010236925	-0.02456951	-0.033492831	-0.032044559	-0.031369386	-0.031527587	-0.030829093	-0.030319304	-0.031859668	-0.031318856	-0.063877611	-0.063778677	-0.065403677	-0.064495667	-0.066513784	-0.064902763	-0.064898621	-0.06384178	0.009037426	0.008668768	0.017238969	0.011871831	0.014622785	0.017541746	0.014316745	0.019172405	0.017904012	0.016572126	0.012213503	0.01872745	0.022994979	0.024069997	0.026520813	0.02046761	-0.036193407	-0.034180454	-0.034809852	-0.035019866	-0.03558035	-0.035575414	-0.034944224	-0.03477254	-0.020133414	-0.020670791	-0.011411054	-0.020133776	-0.016552018	-0.012102037	-0.012623088	-0.017537404	0.042454045	0.067130032	-0.005496677	0.046920753	-0.00363494	-0.007131086	-0.005645329	-0.001697047	-0.014777668	-0.017073783	-0.011951758	-0.008549759	-0.002548109	-0.001550208	0.001941092	0.003761332
PM13	-0.047675835	-0.045166482	-0.048679379	-0.046659214	-0.038645733	-0.049057265	-0.047215881	-0.047747492	0.055772269	0.102034643	0.063979101	0.055342439	0.052127712	0.171556598	0.144578927	0.169147063	-0.027941947	-0.026302867	-0.016946171	-0.022799871	-0.029163256	-0.02428039	-0.029726187	-0.02784599	0.13632216	0.099731891	0.121968089	0.113446197	0.081597619	0.089594991	0.066338142	0.077715721	0.02736272	0.045451193	0.028769139	0.046918906	0.028378404	0.028079907	0.030962912	0.024171993	-0.059657224	-0.058963996	-0.058351973	-0.058448333	-0.060415305	-0.06091063	-0.059768457	-0.06063147	0.005451112	0.001799424	-0.004127435	-0.000885737	-0.000523838	0.005934205	0.006017151	0.010276256	-0.077309378	-0.076268296	-0.078377675	-0.080340596	-0.080508367	-0.082890885	-0.081149288	-0.079469122	-0.060576103	-0.066060321	-0.067313916	-0.063609541	-0.067788225	-0.063410313	-0.069511325	-0.067199498	-0.046084911	-0.047841197	-0.048255114	-0.04753554	-0.054329103	-0.056377133	-0.054986856	-0.055919909	-0.01726086	-0.023671641	-0.020942972	-0.02022727	-0.029190023	-0.027126368	-0.030118788	-0.029598896	0.037005218	0.054039682	0.03886637	0.057687838	0.037390467	0.035792331	0.039030538	0.035707063	-0.082910591	-0.084688455	-0.081078336	-0.082493359	-0.080805557	-0.083853353	-0.083640171	-0.082911281	-0.061182673	-0.065088502	-0.066500238	-0.063422434	-0.066829953	-0.06276238	-0.067553129	-0.065936047	-0.025091799	-0.025585201	-0.020977128	-0.02332279	-0.023435144	-0.026192348	-0.023576244	-0.025041371	0.016551132	0.015002822	0.024293721	0.012986439	0.024007917	0.026595274	0.009703661	0.01722157	-0.058548686	-0.058898294	-0.053755566	-0.059003696	-0.063433093	-0.062658416	-0.063519255	-0.060445197	0.229865961	0.220514607	0.241205577	0.199277377	0.218156286	0.22446687	0.229454246	0.225619728	-0.04844858	-0.046025345	-0.040900479	-0.048092016	-0.047959912	-0.043311869	-0.04333765	-0.048682967	0.082056575	0.064064153	0.161135458	0.06129426	0.107549958	0.104686078	0.108470136	0.099951709	0.025422692	0.028975062	0.014144377	0.012915201	0.012057564	0.000882072	0.001987598	0.004824823
PM14	-0.025708555	-0.021889476	-0.025927033	-0.024441233	-0.028830936	-0.028380639	-0.028912682	-0.029181799	-0.024267325	-0.030889361	-0.024485828	-0.02621748	-0.03072385	-0.035906777	-0.037495771	-0.036238551	-0.015910178	-0.017481062	-0.018856025	-0.01745101	-0.01151361	-0.013130656	-0.016698302	-0.018634255	-0.045129801	-0.051656868	-0.047002914	-0.045431055	-0.048010941	-0.045048702	-0.050585708	-0.047749288	0.022822324	0.038271399	0.019239819	0.018583658	0.022705892	0.023599285	0.017196616	0.023808831	0.167276057	0.173047315	0.162651935	0.171783365	0.172141152	0.175566944	0.175383781	0.175434821	-0.03510099	-0.031646936	-0.032824404	-0.034994452	-0.038215147	-0.036815592	-0.036743598	-0.036122351	0.19039265	0.17466527	0.207161083	0.209832769	0.213524214	0.199964254	0.212458201	0.200004227	-0.054387046	-0.054599234	-0.053740993	-0.052801994	-0.053191374	-0.052126323	-0.054457015	-0.053929126	-0.02462781	-0.023752269	-0.023848069	-0.025087317	-0.027983687	-0.024371911	-0.022372031	-0.024563689	-0.050676925	-0.050501291	-0.050769284	-0.051331838	-0.051818152	-0.050730545	-0.051085944	-0.051239269	-0.016567041	-0.008505087	-0.020400109	-0.019015871	-0.01816278	-0.016147561	-0.016071249	-0.018597628	-0.037157685	-0.038729947	-0.038451245	-0.041068017	-0.041820246	-0.039390661	-0.038925573	-0.041828387	-0.048474538	-0.048777926	-0.047471801	-0.046702562	-0.047481476	-0.04710116	-0.048909288	-0.048340392	-0.046533747	-0.045879008	-0.04662476	-0.046586389	-0.047849799	-0.047681681	-0.046308382	-0.046406226	-0.035994697	-0.036405592	-0.031491346	-0.034463827	-0.032008433	-0.031200414	-0.034450717	-0.031849916	0.188808376	0.180205342	0.169646747	0.18959325	0.17377357	0.182484584	0.18454854	0.165073541	-0.033111105	-0.034867112	-0.033761708	-0.035448197	-0.033545415	-0.033029045	-0.032409396	-0.032606631	-0.011576755	-0.011388536	-0.008403655	-0.0100647	-0.008686775	-0.005447042	-0.013880481	-0.010707741	-0.033001558	-0.033937445	-0.035405304	-0.033412069	-0.032885443	-0.032553821	-0.031548923	-0.033068909	-0.027153436	-0.025928315	-0.024989318	-0.024574544	-0.030561636	-0.030423974	-0.029906373	-0.031287005
PM15	-0.039089026	-0.038266105	-0.036645046	-0.037788114	-0.034356856	-0.03898124	-0.034685	-0.020088092	0.015513907	-0.000296054	0.02036915	0.012481545	0.008695875	-0.006268741	-0.01355098	-0.008577095	0.018838001	0.023314781	0.023729878	0.021286212	0.035478707	0.03399821	0.042104161	0.042299682	0.025865768	0.06486257	0.045423846	0.010116026	0.111555748	0.05121706	0.092785639	0.128210973	-0.001392275	-0.004451693	-0.001241933	-0.001859572	-0.001197732	-0.001585998	-0.002322664	-0.001297414	-0.05546842	-0.054290649	-0.054682883	-0.053259825	-0.052696966	-0.054360101	-0.053800957	-0.054351707	-0.006176558	-0.008521181	-0.011232077	-0.008635587	-0.004762386	-0.013789863	-0.011238068	-0.013084804	-0.018764686	-0.009533923	-0.018079227	-0.028676044	-0.009662243	-0.008968406	-0.009108757	-0.001775521	-0.039693789	-0.042804187	-0.043800678	-0.042580517	-0.044071731	-0.040777773	-0.045010861	-0.043082971	-0.044143254	-0.045563792	-0.043140527	-0.044761658	-0.046475938	-0.047426575	-0.048733943	-0.04830594	-0.044089139	-0.043399654	-0.043123632	-0.044764583	-0.046687166	-0.044926758	-0.046312327	-0.046467284	0.004029318	0.001442347	0.004046412	0.00362499	0.005192576	0.004848411	0.003585241	0.004241673	-0.023310514	-0.02822394	-0.022646004	-0.012337238	0.000637544	-0.025375151	-0.026123758	-0.004782634	-0.028786574	-0.031688658	-0.033297812	-0.030310295	-0.032489695	-0.029763973	-0.032780133	-0.031502315	0.317961219	0.314799912	0.297169101	0.315586217	0.345287	0.328041908	0.320873266	0.300273318	-0.027548622	-0.029407542	-0.023149405	-0.027039414	-0.023566474	-0.021202829	-0.026551651	-0.020967951	-0.04758069	-0.044485196	-0.033807987	-0.047469755	-0.049521064	-0.049504948	-0.054083419	-0.042170146	-0.009039627	-0.013266219	-0.012841249	-0.007716876	-0.017531029	-0.014245142	-0.01092838	-0.012607893	-0.030229535	-0.02895249	-0.024087535	-0.031385181	-0.031802431	-0.027792347	-0.018008046	-0.030834432	-0.026955427	-0.026243342	-0.029581131	-0.01567954	-0.032137008	-0.033205525	-0.03464676	-0.033716122	0.040412742	0.026265848	0.020929447	0.022874741	0.006390904	0.006866835	0.000871008	-0.000483514
PM16	-0.06340602	-0.063568167	-0.065471492	-0.06445354	-0.06040983	-0.063483761	-0.062348369	-0.064840686	-0.024424481	-0.012826965	-0.024036786	-0.023715789	-0.027008077	0.01998451	0.009120613	0.018407281	-0.025479655	-0.020872989	-0.014469742	-0.019299377	-0.009945057	-0.002614684	-0.005654454	-0.006299589	0.180642066	0.202558769	0.202506332	0.155375182	0.252697339	0.206363271	0.208797137	0.231484537	-0.019129916	-0.003436479	-0.019747991	-0.016340069	-0.013589158	-0.012302421	-0.010974006	-0.016888183	-0.017980531	-0.013513093	-0.016337092	-0.020154986	-0.016132678	-0.011721577	-0.016038996	-0.015135907	0.033279508	0.028154639	0.024513229	0.027428398	0.040668814	0.04182874	0.04504747	0.044126227	-0.075446427	-0.074523901	-0.073507009	-0.075879471	-0.067645385	-0.070643002	-0.069760798	-0.069439859	-0.05543754	-0.056784398	-0.055792891	-0.056508423	-0.055182116	-0.051977908	-0.057422072	-0.05635034	-0.055164074	-0.054214448	-0.055507035	-0.05627073	-0.056007174	-0.052439068	-0.055734761	-0.05708347	-0.034852595	-0.036258531	-0.034664718	-0.033834603	-0.035021056	-0.032661054	-0.034498111	-0.030890592	-0.014147376	-7.55E-05	-0.015148245	-0.010438814	-0.009175731	-0.009241583	-0.00796604	-0.011794235	-0.09320407	-0.093395247	-0.091414015	-0.092566976	-0.091129961	-0.092336865	-0.092725897	-0.091848957	-0.052061846	-0.05270842	-0.052137513	-0.052379889	-0.051500085	-0.048370429	-0.052585979	-0.052233504	-0.017076104	-0.017900275	-0.015231014	-0.017410414	-0.017269626	-0.020069115	-0.024527543	-0.023975899	0.041743463	0.041339403	0.043558398	0.045934665	0.057261972	0.053791114	0.042830732	0.054572559	-0.067317762	-0.065274053	-0.063614034	-0.066939571	-0.062957731	-0.064424023	-0.061831076	-0.058974314	0.092663101	0.100745804	0.097600396	0.111594733	0.127553308	0.11665744	0.111674791	0.121626173	0.06100665	0.0603829	0.069032022	0.064637616	0.072701474	0.07256178	0.059738903	0.073211812	0.118505892	0.103170589	0.143424899	0.089439911	0.185454495	0.19890381	0.195703185	0.201566601	-0.047439903	-0.05040193	-0.051917544	-0.050364827	-0.050139517	-0.053184706	-0.05218211	-0.051108258
PM17	-0.039355247	-0.035646612	-0.035435287	-0.035903611	-0.042587951	-0.039561925	-0.040295839	-0.042124598	-0.00804009	-0.018169355	-0.009009883	-0.010349156	-0.019909529	-0.027399723	-0.031649311	-0.02875053	0.336325344	0.319059169	0.277626184	0.272704743	0.351474992	0.28412364	0.314317156	0.250565326	-0.020064513	-0.012833361	-0.014326364	-0.022359056	-0.007640624	-0.018554212	-0.014683179	-0.001460375	0.039112236	0.042931396	0.029545964	0.034777323	0.035758456	0.038759136	0.042381328	0.035348534	-0.040415137	-0.039780743	-0.038744734	-0.039169967	-0.040572076	-0.042484834	-0.040252795	-0.041623249	0.086654993	0.073773357	0.090853557	0.078542991	0.059798092	0.046264411	0.048533042	0.044422226	-0.064502238	-0.061618681	-0.066096373	-0.066975403	-0.066317635	-0.070074418	-0.066311713	-0.063199532	-0.057522667	-0.059356504	-0.059463006	-0.057813378	-0.060114191	-0.05820126	-0.059953947	-0.058798809	-0.040832089	-0.0405094	-0.041411727	-0.044036678	-0.047025014	-0.047892189	-0.047063649	-0.047668725	-0.034253005	-0.034017268	-0.033148756	-0.033775882	-0.038573945	-0.037875954	-0.038841765	-0.039436862	0.062507342	0.069248468	0.052545573	0.057697738	0.057792119	0.060395028	0.06258459	0.057444559	-0.038523889	-0.050449973	-0.045125656	-0.048817646	-0.046875406	-0.050219902	-0.050810064	-0.04737729	-0.058434868	-0.060175867	-0.060783772	-0.058276808	-0.060748074	-0.05869172	-0.060588107	-0.059723068	-0.001950456	-0.002597755	-0.006500974	-0.003295776	-0.005288587	-0.000460181	-0.005066614	-0.003209609	0.020039054	0.021210664	0.027467378	0.022337909	0.023988672	0.021321346	0.016787474	0.014035175	-0.034604644	-0.034473672	-0.024542094	-0.036102911	-0.038978074	-0.038925416	-0.042590024	-0.031449346	0.011558588	0.004298407	0.000222654	0.017324329	0.003269874	0.005287681	0.010474361	0.005078205	-0.024956669	-0.021537076	-0.01598944	-0.023891635	-0.021105773	-0.016563447	0.012917	-0.022357247	-0.014855514	-0.013688067	-0.022406522	-0.001037679	-0.027573134	-0.030950169	-0.030036075	-0.03265296	0.027310876	0.013158685	0.024955836	0.014425038	0.001097118	0.001947167	-0.00424061	-0.003045714
PM18	-0.012219323	-0.012347997	-0.013598907	-0.01197818	-0.014845875	-0.018825891	-0.017279101	-0.011388386	0.008750247	-0.000704207	0.011542563	0.010796358	0.008776165	-0.015762122	-0.01461327	-0.015844024	-0.005712427	-0.008446169	-0.005952295	-0.005656959	-0.014553442	-0.00929911	-0.010254633	-0.008404443	-0.034604792	-0.038854036	-0.032405313	-0.03243794	-0.034605288	-0.03325216	-0.036732231	-0.033624294	-0.018412921	-0.014270065	-0.019622316	-0.019763007	-0.019250433	-0.019283726	-0.018653621	-0.019500308	-0.02637109	-0.027313426	-0.025729995	-0.024664695	-0.028204911	-0.031184998	-0.028676826	-0.03035607	0.000167563	0.011507368	0.001590624	0.004974631	-0.000169692	0.005328021	-0.002906433	0.007233351	-0.055256394	-0.056216062	-0.053930091	-0.055704107	-0.060551513	-0.059305935	-0.060740555	-0.057966558	-0.017514961	-0.015438428	-0.012711612	-0.015239743	-0.015834226	-0.015414167	-0.017139312	-0.017958205	-0.001594682	0.002098392	0.002204133	0.006481091	0.000888976	0.003803877	0.001572578	0.002718778	0.31591722	0.3322006	0.339522014	0.331200806	0.330665417	0.332434962	0.33889273	0.32671285	-0.015293478	-0.009347175	-0.016230493	-0.0163942	-0.016533702	-0.016459453	-0.016041784	-0.017028613	-0.057807837	-0.05735656	-0.054850673	-0.056647948	-0.059434712	-0.057705437	-0.058286038	-0.057998951	-0.016235355	-0.014180647	-0.012235659	-0.014286685	-0.015046258	-0.015313588	-0.01611625	-0.016155649	-0.044141657	-0.044216101	-0.046469038	-0.044655069	-0.048208783	-0.047993715	-0.046303893	-0.047715267	0.021504551	0.015613904	0.046663829	0.029053925	0.036666335	0.047597782	0.04699736	0.042401308	-0.02263049	-0.021901105	-0.022475436	-0.02210412	-0.023370496	-0.023171656	-0.021983295	-0.024045362	-0.025878607	-0.024876246	-0.022973732	-0.025251592	-0.026053621	-0.026131323	-0.026797617	-0.026806566	-0.007353607	-0.006756436	-0.002494423	-0.008508389	-0.008795381	-0.003567604	-0.001999927	-0.010666165	-0.01579257	-0.005962497	-0.025758783	0.001001587	-0.02202445	-0.022990003	-0.02387817	-0.023142359	0.007838093	0.008752581	0.009941345	0.010104446	0.017024719	0.01326904	0.014184466	0.009290004
PM19	0.020174283	0.025536599	0.035261952	0.018353346	0.045113721	0.012863716	0.010558547	0.060169284	0.216605706	0.161361659	0.218056333	0.175196463	0.157087151	0.065371836	0.053205934	0.077408737	0.034496575	0.062391034	0.040289214	0.042885224	0.044287569	0.051381219	0.058303539	0.063250924	0.01653933	0.03436281	0.027284999	0.038744559	0.029656693	0.020347627	0.036182643	0.052444548	-0.018573086	-0.013318295	0.010586861	0.008090713	-0.005129412	-0.013933521	-0.015789161	-0.004202515	-0.087999735	-0.088000553	-0.085776878	-0.086165868	-0.089453873	-0.087678056	-0.089898228	-0.088717156	-0.034532837	-0.035723561	-0.039118181	-0.039296907	-0.041436112	-0.038584712	-0.044631595	-0.048415883	-0.039704741	-0.014538251	-0.053265002	-0.04476658	-0.058020758	-0.058301391	-0.045771652	-0.051974879	-0.045324904	-0.056381682	-0.061472266	-0.0577933	-0.06365771	-0.055881466	-0.068309547	-0.062337893	-0.046200642	-0.046408584	-0.018953436	-0.024782424	-0.040770191	-0.044202098	-0.064609688	-0.050692959	-0.005818757	-0.007147479	-0.007209353	-0.005622964	-0.017544573	-0.014930815	-0.018816076	-0.016576325	-0.008558779	0.001158654	0.02620721	0.021179502	0.005870554	-0.004436669	-0.008149296	0.007679804	0.004335429	-0.028514786	0.001294169	0.001645791	-0.008592933	-0.030912361	-0.029260473	-0.014875466	-0.04642943	-0.05731306	-0.062348497	-0.058778323	-0.065235631	-0.058269008	-0.069530882	-0.064356271	0.20142927	0.180196145	0.163029731	0.16838158	0.164262517	0.173070569	0.144203308	0.136819604	-0.047692333	-0.050151351	-0.050971112	-0.051623989	-0.056748285	-0.056168754	-0.051332543	-0.059675273	-0.066053212	-0.073962819	-0.063058787	-0.072986735	-0.077329598	-0.07741015	-0.080482007	-0.072275459	-0.023685826	-0.023439342	-0.03227917	-0.01124576	-0.040023008	-0.03456207	-0.035748407	-0.03857887	-0.024365062	-0.033586199	-0.024423932	-0.038428382	-0.048091118	-0.043060782	-0.035346296	-0.050595125	-0.023734477	-0.010101569	-0.047636286	0.023133493	-0.052039362	-0.052653392	-0.059605196	-0.053936419	0.270790359	0.273330508	0.224141597	0.16259216	0.122242491	0.11900813	0.10359941	0.101361502
PM20	-0.049545421	-0.048995535	-0.05110312	-0.050234164	-0.048501655	-0.051037091	-0.050222625	-0.052664313	8.64E-05	0.001956222	0.001434659	-0.003279741	-0.000295637	-0.001033948	-0.004553646	0.000639665	0.000877054	0.000735111	0.001892453	0.00741931	0.000280251	0.008373753	-0.003058133	-0.001799974	-0.017585432	-0.030016199	-0.012083429	-0.015477207	-0.026925167	-0.01889166	-0.035549126	-0.029205111	-0.010208079	-0.001462451	-0.011674909	-0.00936261	-0.009672148	-0.008756598	-0.006817421	-0.009389566	-0.030373582	-0.028296316	-0.028980797	-0.028760286	-0.030380921	-0.030127179	-0.029359353	-0.030344245	0.166543138	0.176985074	0.155549912	0.154354911	0.14435633	0.211307452	0.200847858	0.235324221	-0.07570616	-0.075486356	-0.075627758	-0.076682884	-0.078555679	-0.077368694	-0.077985659	-0.077935696	-0.047589996	-0.046491152	-0.045132748	-0.043448742	-0.043664328	-0.044498289	-0.044035701	-0.044458391	-0.035448849	-0.034436809	-0.033915629	-0.031160747	-0.033890463	-0.031005927	-0.032727008	-0.032461351	0.038902364	0.044599387	0.049660463	0.04733337	0.041106041	0.046650668	0.041989789	0.040167373	0.001840588	0.015584031	0.00093685	0.003122332	0.001238111	0.002635945	0.0039328	0.00089288	-0.081827171	-0.083001903	-0.080932004	-0.082644982	-0.083266303	-0.083708277	-0.083259614	-0.083183982	-0.039541161	-0.038877857	-0.037602603	-0.035739186	-0.037195436	-0.036229588	-0.038788487	-0.038503972	-0.049468366	-0.049480374	-0.051087294	-0.051169379	-0.051070533	-0.049287871	-0.050235944	-0.050565961	0.218666292	0.198262906	0.267565571	0.226595306	0.258806393	0.279451919	0.246837133	0.290200965	-0.039903155	-0.03930474	-0.035479608	-0.040264943	-0.040144246	-0.038885256	-0.039601757	-0.035198322	0.017190436	0.016606189	0.02304385	0.00896035	0.01689688	0.01605839	0.017450153	0.018572361	-0.027203313	-0.025737422	-0.019842898	-0.025730555	-0.02247741	-0.017246965	-0.017603289	-0.025140927	0.011650181	0.012694702	0.033638485	0.016050375	0.023403242	0.020706671	0.021225947	0.019199301	-0.011541299	-0.013810099	-0.014039408	-0.013134134	-0.018815696	-0.019916563	-0.019216683	-0.016643967
PM21	-0.022049914	-0.017555908	-0.024779942	-0.022276047	-0.028010315	-0.026456849	-0.025510426	-0.033438564	-0.013298851	-0.022742956	-0.014426836	-0.015725351	-0.017098271	-0.034031538	-0.032179137	-0.032370042	-0.020034537	-0.021791863	-0.021927396	-0.019428569	-0.023730983	-0.020026133	-0.029416286	-0.028872011	-0.052359045	-0.061189171	-0.054185943	-0.055136146	-0.059462976	-0.056209262	-0.060956713	-0.056491931	-0.017305882	-0.013028489	-0.018065524	-0.01770826	-0.017240677	-0.016837972	-0.018693603	-0.016613334	0.150126636	0.151234886	0.147391721	0.149644522	0.146973174	0.143021152	0.150002457	0.146828382	-0.003128037	-0.001791259	-0.002610681	-0.003828366	-0.013618682	-0.002319397	-0.002218878	0.00328314	-0.045567266	-0.048850683	-0.041923954	-0.052639773	-0.047771256	-0.048373437	-0.047033889	-0.048680802	-0.052964494	-0.05271931	-0.049930101	-0.051925095	-0.052523813	-0.048629446	-0.054828673	-0.05318052	0.187782524	0.206294304	0.200339083	0.196208691	0.188765279	0.21754026	0.205931159	0.203005782	0.005982415	0.012335317	0.00832045	0.008470869	0.007289377	0.011147797	0.009703405	0.005606216	-0.028230366	-0.014911965	-0.03067809	-0.028393937	-0.028591321	-0.026250287	-0.025527973	-0.03013133	-0.068205226	-0.069539403	-0.069573852	-0.07208979	-0.073310458	-0.070465972	-0.070550832	-0.074392126	-0.048582467	-0.048214689	-0.045432523	-0.046334231	-0.048002977	-0.044901657	-0.049561688	-0.048248965	-0.057218623	-0.058071947	-0.057608694	-0.056528928	-0.05767884	-0.056494902	-0.056443423	-0.056947536	-0.002230121	-0.002755133	0.011366679	0.003243887	0.012539829	0.014351401	0.00792617	0.01527894	0.189323777	0.189434723	0.186784714	0.187500321	0.191383131	0.204401313	0.208795754	0.1925104	-0.040110811	-0.040872154	-0.037695873	-0.042975026	-0.041718414	-0.041800517	-0.040530522	-0.041655468	-0.021910908	-0.023860921	-0.019217513	-0.022390598	-0.01983124	-0.014338326	-0.026284886	-0.025107199	-0.02515984	-0.017347979	-0.02437521	-0.015507233	-0.024631527	-0.026890094	-0.022746264	-0.026153409	-0.023832168	-0.024847852	-0.022613101	-0.022987805	-0.024700726	-0.02472144	-0.021968062	-0.021465217
PM22	0.031554693	0.027328515	0.028203541	0.034901806	0.029888227	0.042946743	0.042192095	0.049534319	-0.046040801	-0.04367519	-0.053072846	-0.050033325	-0.03732352	-0.026701334	-0.027262409	-0.030450456	-0.051002376	-0.038412874	-0.047568547	-0.046208121	-0.030683497	-0.037873899	-0.034683343	-0.04458658	-0.053586704	-0.067512585	-0.062857916	-0.043083994	-0.075953564	-0.059635193	-0.073485315	-0.070993071	-0.046954655	-0.05807587	-0.047466152	-0.049131151	-0.047534616	-0.049268025	-0.052401098	-0.045882576	-0.052287587	-0.05812012	-0.053775423	-0.053616876	-0.049393918	-0.054273549	-0.052840891	-0.05021586	-0.036906147	-0.035382972	-0.026453644	-0.021505978	-0.02128388	-0.023259009	-0.030377131	-0.038995292	0.12179428	0.123342271	0.136880579	0.111838155	0.234718268	0.219084242	0.191022218	0.301768783	0.136484588	0.153047248	0.149975706	0.141415615	0.149980802	0.126908315	0.160350073	0.145511543	-0.023667471	-0.037101346	-0.049897113	-0.032798612	-0.010538296	-0.031574782	-0.02818499	-0.032464331	5.35E-05	0.001429873	0.008858258	0.01122385	0.017822723	0.0199399	0.019008893	0.033094002	-0.038516064	-0.046302698	-0.039323823	-0.041505774	-0.040299152	-0.042727901	-0.04421702	-0.039309603	0.084011431	0.098876584	0.076697649	0.076701609	0.10229473	0.118918861	0.137194018	0.099059171	0.146197397	0.163666771	0.161173913	0.152090041	0.162942624	0.138081344	0.174435672	0.160516263	-0.055284355	-0.05452467	-0.046444497	-0.050448425	-0.035252826	-0.044874736	-0.026850402	-0.026250603	-0.022498521	-0.002603455	-0.049093782	-0.02307939	-0.046618308	-0.054349165	-0.024473081	-0.051183724	-0.055927078	-0.057145316	-0.059182843	-0.058844535	-0.04587422	-0.049299672	-0.044206009	-0.053736685	-0.060857894	-0.063530483	-0.063978236	-0.051327383	-0.068278071	-0.066867263	-0.069765477	-0.067977428	-0.044071259	-0.051670288	-0.055295633	-0.051439279	-0.049144208	-0.054266442	-0.050954246	-0.045019035	-0.033001888	-0.037265533	0.007340141	-0.041791808	-0.01689086	-0.011655357	-0.010714343	-0.012691612	-0.030798935	-0.03069697	-0.023050482	-0.0238765	-0.010440552	-0.009832355	-0.015378902	-0.015207968
PM23	-0.034964647	-0.03633101	-0.035507612	-0.034749149	-0.028612624	-0.036706083	-0.037017643	-0.029693252	-0.003104598	0.011930185	-0.000988144	-0.008625944	-0.005477859	0.014190722	0.000937948	0.008249431	-0.015508047	-0.012201044	-0.009690996	-0.00883507	-0.01457272	-0.012744422	-0.01405752	-0.008010078	0.370446864	0.282004209	0.327129289	0.310096571	0.315234105	0.27669745	0.271594796	0.314712788	0.026923115	0.034351212	0.031445535	0.050924237	0.019448415	0.017552856	0.020580561	0.015005659	-0.045007525	-0.04529671	-0.043751279	-0.044788034	-0.045598794	-0.04587468	-0.046594309	-0.046517987	-0.008771429	-0.013622309	-0.016237016	-0.013833346	-0.011273673	-0.004987918	-0.008390862	-0.008485346	-0.043007464	-0.034915432	-0.038489245	-0.043340418	-0.044628945	-0.040139789	-0.042826894	-0.040815296	-0.036140442	-0.038227948	-0.03936571	-0.037066146	-0.04045325	-0.036647432	-0.040670604	-0.039406188	-0.036767057	-0.038296017	-0.031849594	-0.02892941	-0.043073269	-0.041960707	-0.04522209	-0.046757229	-0.014970817	-0.017393296	-0.017148335	-0.017890992	-0.021351527	-0.020854608	-0.023968886	-0.02350274	0.057284164	0.073029801	0.063025886	0.083250409	0.048867109	0.045364568	0.047933514	0.044111953	-0.057909695	-0.061290121	-0.051177771	-0.05450666	-0.061594162	-0.06308849	-0.065445708	-0.062964775	-0.045992066	-0.047630032	-0.049574044	-0.046854047	-0.048768918	-0.045941845	-0.049480812	-0.04693253	-0.007064467	-0.004981189	-0.008213285	-0.004523405	-0.006969104	-0.005873902	-0.011418079	-0.011359404	-0.013206824	-0.014328094	-0.005565092	-0.017228474	-0.006930627	-0.001377768	-0.011335796	-0.001847632	-0.054754746	-0.048843945	-0.043488045	-0.051407332	-0.057736081	-0.056223176	-0.059226739	-0.056451889	0.079080405	0.084082226	0.081394527	0.074988166	0.064940362	0.069064225	0.069293618	0.066998732	-0.034401077	-0.033286113	-0.029356921	-0.034879902	-0.034741616	-0.031330901	-0.022865377	-0.035833251	-0.008316104	-0.012494389	0.00983248	-0.002780357	-0.001188948	-0.002988291	-0.004138017	-0.006685725	-0.006502342	-0.004060716	-0.005844754	-0.014571311	-0.023284084	-0.021981953	-0.026488338	-0.021963376
PM24	0.221924988	0.209459282	0.183618157	0.195671969	0.163708254	0.184461576	0.196824382	0.143400762	-0.006885827	-0.020978844	-0.013745765	-0.003178215	0.008778269	-0.04298482	-0.02640359	-0.040848627	0.000771197	-0.00660766	-0.004162775	-0.00754483	-0.004674731	-0.00667395	-0.005404758	-0.009942766	-0.022269015	-0.013327816	-0.02771011	-0.032842627	-0.020912138	-0.022937601	-0.004661295	-0.007764487	-0.053747978	-0.062686626	-0.05303423	-0.061063929	-0.063573327	-0.064803432	-0.065830832	-0.059575486	-0.011793549	-0.013308629	-0.01252534	-0.0111135	-0.017967094	-0.016014787	-0.011892055	-0.01307825	-0.053959843	-0.045630863	-0.05214106	-0.049887144	-0.049424284	-0.052370366	-0.056972838	-0.054189707	0.230791089	0.222252573	0.20458088	0.220380132	0.167665705	0.167964158	0.161703065	0.152120458	-0.053771401	-0.047771574	-0.055477195	-0.052292141	-0.055214703	-0.055867111	-0.053213564	-0.053159215	0.094086013	0.089521167	0.085638674	0.090944765	0.08939314	0.101871782	0.096802207	0.096021053	0.025253099	0.025671647	0.025969799	0.024116211	0.025624762	0.029518729	0.029116328	0.019172669	-0.047186935	-0.060608343	-0.04634782	-0.055389888	-0.061206498	-0.060038274	-0.060655046	-0.055166493	0.093630682	0.096397791	0.149350923	0.094661417	0.078381639	0.115824357	0.109337562	0.070386216	-0.067946911	-0.068149346	-0.069769562	-0.069207462	-0.068633582	-0.06737797	-0.06772262	-0.067426723	-0.036632378	-0.033679577	-0.041366067	-0.03699453	-0.048225145	-0.042923137	-0.045905614	-0.044500759	-0.04354037	-0.045629978	-0.029612573	-0.039936574	-0.034391617	-0.032363174	-0.033842214	-0.037598841	0.005797899	-0.001281621	-0.004721924	0.007496023	-0.003104634	0.000629639	-0.002509367	-0.008696984	-0.068938195	-0.065601092	-0.066271573	-0.064442932	-0.070275089	-0.070754248	-0.075107186	-0.073940513	-0.051817094	-0.054582293	-0.054393725	-0.054448262	-0.056066458	-0.054671688	-0.045200749	-0.055491591	-0.01891495	0.00594248	-0.067031046	-0.00751545	-0.06190932	-0.064911786	-0.064585724	-0.062142921	-0.018763929	-0.016941239	-0.014644645	-0.013260066	-0.001571795	0.002964064	0.001516596	0.003184175
