	Escherichia_sp._4_1_40B	Escherichia_sp._E2661	Escherichia_unclassified	Helicobacter_apodemus	Helicobacter_ganmani	Helicobacter_hepaticus	Helicobacter_rodentium	Helicobacter_sp._MIT_03-1616	Helicobacter_typhlonius
PC 18:3_16:0_Bladder	-0.790433333	-0.853912564	-0.880952381	0.780720058	0.80952381	0.780720058	0.780720058	0.878310066	0.837121378
PC 18:3_16:0_Heart	-0.562884343	-0.585540044	-0.642857143	0.707527553	0.666666667	0.707527553	0.707527553	0.512347538	0.621499205
PC 18:4_16:0_Heart	-0.77845707	-0.853912564	-0.857142857	0.80511756	0.738095238	0.80511756	0.80511756	0.902707567	0.862488692
PC 18:4_16:0_Spleen	-0.634741919	-0.707527553	-0.666666667	0.80511756	0.833333333	0.80511756	0.80511756	0.902707567	0.913223321
PC 20:4_22:6_Spinal cord	0.658694444	0.634335047	0.595238095	-0.658732549	-0.619047619	-0.658732549	-0.658732549	-0.707527553	-0.761019434
PC 22:0_20:2_Brain	0.862290909	0.80511756	0.833333333	-0.53674504	-0.5	-0.53674504	-0.53674504	-0.634335047	-0.545397261
PC 22:0_20:2_Cerebellum	0.50300303	0.585540044	0.523809524	-0.780720058	-0.857142857	-0.780720058	-0.780720058	-0.829515062	-0.849805035


